P3
38 36
255
127 127 127 126 126 126 125 125 125 127 127 127 127 127 127 127 127 127 124 124 124 124 124 124 127 127 127 124 124 124 127 127 127 125 125 125 127 127 127 125 125 125 125 125 125 127 127 127 125 127 127 124 125 127 126 124 127 127 124 127 127 117 127 127 121 127 127 122 126 127 123 121 127 126 120 127 127 118 127 127 118 126 127 120 124 127 123 124 127 126 127 127 127 127 126 127 127 124 120 127 125 119 127 123 120 126 127 126 126 127 127 125 127 127 
121 121 121 127 127 127 120 120 120 127 127 127 127 127 127 125 125 125 127 127 127 127 127 127 127 127 127 127 127 127 127 127 127 124 124 124 116 116 116 127 127 127 125 125 125 119 119 120 125 127 127 125 127 127 127 126 127 127 125 127 127 119 127 127 122 127 127 124 127 127 125 125 127 127 122 127 127 120 126 127 120 125 127 122 124 127 125 125 127 127 127 127 127 127 126 127 127 125 123 127 126 122 127 125 124 127 127 127 127 127 127 126 127 127 
127 127 127 118 118 118 2 2 2 0 0 0 0 0 0 0 0 0 6 6 6 0 0 0 0 0 0 0 0 0 0 0 0 2 2 2 10 10 10 118 118 118 126 126 126 127 127 126 124 127 125 123 127 124 127 127 127 126 127 127 125 127 127 125 127 127 125 127 127 125 127 127 123 127 125 122 127 123 121 127 123 122 127 124 124 126 126 125 126 127 126 125 127 124 126 127 122 127 127 122 127 127 126 127 127 127 126 127 127 126 127 127 126 127 
127 127 127 127 127 127 0 0 0 2 2 2 5 5 5 1 1 1 3 3 3 0 0 0 0 0 0 0 0 0 0 0 0 0 0 0 0 0 0 127 127 127 127 127 127 127 127 125 125 127 122 125 127 122 124 127 124 119 126 126 115 127 127 112 127 127 113 127 127 110 127 127 115 127 127 114 127 127 113 127 127 115 127 127 120 127 127 122 127 127 120 127 127 116 127 127 109 127 127 106 127 127 123 127 127 124 121 126 127 123 127 127 124 125 
126 126 126 127 127 127 4 4 4 0 0 0 0 0 0 0 0 0 0 0 0 8 8 8 2 2 2 0 0 0 7 7 7 2 2 2 1 1 1 127 127 127 127 127 127 121 122 119 125 126 119 125 127 120 125 127 127 117 127 127 101 127 127 95 127 127 98 127 127 99 127 127 99 127 127 98 127 127 96 127 127 99 127 127 108 127 127 110 127 127 105 127 127 100 127 127 94 127 127 98 127 127 119 127 127 127 125 127 127 125 127 127 122 122 
127 127 127 127 127 127 1 1 1 0 0 0 6 6 6 7 7 7 0 0 0 0 0 0 2 2 2 0 0 0 0 0 0 0 0 0 0 0 0 124 124 124 127 127 127 127 127 125 127 127 123 127 127 125 126 127 127 106 124 127 42 91 97 21 84 92 21 82 96 25 83 103 25 82 103 24 83 103 20 85 102 23 83 100 34 78 99 36 77 99 29 81 99 23 84 97 19 85 94 34 85 93 102 118 127 122 116 126 127 124 127 127 124 122 
127 127 127 127 127 127 2 2 2 0 0 0 0 0 0 0 0 0 0 0 0 1 1 1 0 0 0 1 1 1 0 0 0 3 3 3 4 4 4 126 126 126 127 127 127 127 125 125 127 122 122 127 124 127 127 126 127 109 127 127 23 84 96 7 87 103 9 87 111 12 89 118 11 88 119 8 89 119 2 92 118 6 91 116 18 85 114 19 84 113 9 90 113 5 92 109 7 92 103 29 91 101 113 127 127 127 124 127 127 123 126 127 122 120 
126 126 126 127 127 127 0 0 0 0 0 0 6 6 6 0 0 0 5 5 5 0 0 0 0 0 0 4 4 4 0 0 0 1 1 1 0 0 0 127 127 127 127 127 127 127 126 127 127 125 127 127 124 127 124 123 127 109 127 127 18 86 102 8 97 116 5 93 121 2 88 122 2 89 125 0 90 125 0 94 124 0 93 123 9 86 120 9 86 118 0 92 117 0 95 113 0 90 102 20 88 99 111 127 127 127 124 127 127 123 126 127 118 117 
127 127 127 127 127 127 0 0 0 2 2 2 1 1 1 0 0 0 0 0 0 0 0 0 0 0 0 1 1 1 0 0 0 4 4 4 0 0 0 127 127 127 127 127 127 127 126 126 127 125 127 127 124 127 124 123 127 109 127 127 18 86 102 8 97 116 5 93 121 2 88 122 2 89 125 0 90 125 0 94 124 0 93 123 9 86 120 9 86 118 0 92 117 0 95 113 0 90 102 20 88 99 111 127 127 127 124 127 127 123 126 127 118 117 
126 126 126 127 127 127 0 0 0 2 2 2 0 0 0 0 0 0 3 3 3 3 3 3 2 2 2 0 0 0 4 4 4 3 3 3 4 4 4 122 122 122 127 127 127 127 127 127 127 122 122 127 124 127 127 126 127 109 127 127 23 84 96 7 87 103 9 87 111 12 89 118 11 88 119 8 89 119 2 92 118 6 91 116 18 85 114 19 84 113 9 90 113 5 92 109 7 92 103 29 91 101 113 127 127 127 124 127 127 123 126 127 122 120 
125 125 125 127 127 127 0 0 0 0 0 0 0 0 0 0 0 0 0 0 0 0 0 0 0 0 0 0 0 0 1 1 1 0 0 0 0 0 0 125 125 125 127 127 127 127 127 125 127 127 123 127 127 125 126 127 127 106 124 127 42 91 97 21 84 92 21 82 96 25 83 103 25 82 103 24 83 103 20 85 102 23 83 100 34 78 99 36 77 99 29 81 99 23 84 97 19 85 94 34 85 93 102 118 127 122 116 126 127 124 127 127 124 122 
127 127 127 127 127 127 0 0 0 2 2 2 2 2 2 4 4 4 0 0 0 0 0 0 1 1 1 5 5 5 0 0 0 0 0 0 0 0 0 127 127 127 126 126 126 121 122 119 125 126 119 125 127 120 125 127 127 117 127 127 101 127 127 95 127 127 98 127 127 99 127 127 99 127 127 98 127 127 96 127 127 99 127 127 108 127 127 110 127 127 105 127 127 100 127 127 94 127 127 98 127 127 119 127 127 127 125 127 127 125 127 127 122 122 
125 125 125 118 118 118 5 5 5 0 0 0 0 0 0 0 0 0 1 1 1 7 7 7 0 0 0 0 0 0 0 0 0 0 0 0 7 7 7 120 120 120 127 127 127 127 127 125 125 127 122 125 127 122 124 127 124 119 126 126 115 127 127 112 127 127 113 127 127 110 127 127 115 127 127 114 127 127 113 127 127 115 127 127 120 127 127 122 127 127 120 127 127 116 127 127 109 127 127 106 127 127 123 127 127 124 121 126 127 123 127 127 124 125 
124 124 124 127 127 127 114 114 114 127 127 127 127 127 127 127 127 127 123 123 123 123 123 123 127 127 127 122 122 122 127 127 127 127 127 127 123 123 123 127 127 127 123 123 123 117 118 116 124 127 125 123 127 124 127 127 127 126 127 127 125 127 127 125 127 127 125 127 127 125 127 127 123 127 125 122 127 123 121 127 123 122 127 124 124 126 126 125 126 127 126 125 127 124 126 127 122 127 127 122 127 127 126 127 127 127 126 127 127 126 127 127 126 127 
123 123 123 127 127 127 126 126 126 127 127 127 125 125 125 125 125 125 125 125 125 127 127 127 127 127 127 123 123 123 127 127 127 123 123 123 127 127 127 117 117 117 127 127 127 127 127 127 125 127 127 125 127 127 127 126 127 127 125 127 127 119 127 127 122 127 127 124 127 127 125 125 127 127 122 127 127 120 126 127 120 125 127 122 124 127 125 125 127 127 127 127 127 127 126 127 127 125 123 127 126 122 127 125 124 127 127 127 127 127 127 126 127 127 
127 127 127 121 121 122 127 127 125 126 126 124 127 127 127 127 127 127 126 127 125 125 127 125 123 126 127 126 127 127 125 125 127 127 127 127 127 127 126 125 125 124 126 127 127 116 118 120 127 127 127 126 124 127 127 123 127 127 123 127 127 117 126 127 122 127 127 123 126 127 123 122 127 127 122 127 127 120 126 127 121 124 127 122 124 127 125 124 127 126 127 127 127 127 126 127 127 124 123 127 126 123 125 123 122 126 126 127 127 127 127 126 127 127 
122 125 127 126 127 127 127 126 120 127 126 121 127 126 127 124 124 126 123 127 121 121 127 122 121 127 127 122 127 127 126 127 127 127 126 127 127 126 124 126 127 124 124 127 127 125 127 127 127 125 127 127 120 127 127 123 127 127 119 127 127 116 124 127 123 127 127 124 127 127 126 126 125 127 125 122 127 125 121 127 125 121 127 125 122 127 126 124 127 127 127 127 127 127 126 127 127 127 127 120 122 124 127 127 127 122 121 124 127 126 127 125 124 127 
124 127 127 126 127 127 127 127 118 127 127 118 127 125 127 126 124 127 123 127 121 120 127 122 117 125 127 121 125 127 126 124 127 127 124 126 127 125 121 127 127 122 124 127 127 123 127 127 127 126 127 125 118 124 127 123 127 127 124 127 127 124 127 127 125 127 124 122 122 124 125 124 124 127 127 122 127 127 121 127 127 122 127 127 124 127 127 126 127 127 127 126 127 127 126 127 123 127 127 121 126 127 125 127 127 126 126 127 127 127 127 127 126 127 
121 123 127 127 127 125 127 123 108 127 125 110 127 124 125 127 123 126 127 127 124 126 127 127 126 126 127 127 124 127 127 124 127 127 124 126 127 126 120 127 127 120 125 127 126 122 127 127 122 127 127 123 127 127 124 127 127 123 127 127 124 127 127 124 127 127 121 126 124 124 127 126 123 127 125 123 127 126 123 127 126 124 126 127 126 125 127 127 124 127 127 123 127 127 124 127 125 127 127 121 126 126 124 127 127 123 125 126 125 126 127 127 127 127 
127 127 127 127 127 118 127 127 96 127 127 89 127 127 99 127 127 102 127 127 98 127 127 102 127 126 109 127 127 113 127 125 104 127 123 98 127 125 100 127 127 110 127 127 123 122 127 127 118 127 126 120 127 127 120 127 127 115 126 122 117 127 124 121 127 126 122 127 124 124 127 125 127 127 125 127 127 125 127 126 126 127 126 127 127 126 127 127 125 127 127 125 127 127 126 127 127 127 127 126 127 124 127 127 126 127 127 126 127 127 126 122 123 121 
125 124 123 127 126 106 120 116 57 121 115 35 125 116 34 120 114 26 119 117 24 116 117 24 119 119 33 122 120 38 125 118 35 123 116 40 126 119 58 127 126 87 127 127 116 125 127 127 123 127 127 122 127 126 119 127 125 118 127 124 120 127 125 121 127 125 122 127 122 120 121 117 127 127 124 127 125 124 127 125 125 127 125 125 127 126 125 127 127 126 126 127 127 127 127 126 127 121 118 126 118 114 127 126 123 125 124 120 127 127 125 118 120 117 
127 127 127 127 127 105 123 119 46 124 118 15 127 121 9 127 119 0 126 123 0 123 122 0 121 119 0 124 121 4 124 118 2 121 114 11 125 118 39 127 126 78 127 127 115 127 127 127 127 127 127 122 125 123 121 127 124 122 127 125 121 127 124 118 123 118 127 127 122 127 125 121 127 122 121 127 120 121 127 119 121 127 120 121 127 122 121 127 123 122 127 126 122 127 125 121 127 121 118 127 121 118 127 123 120 127 122 118 127 127 124 123 124 121 
127 125 127 127 125 104 119 115 39 122 116 7 127 120 3 127 119 0 127 122 0 127 121 0 127 123 3 127 124 6 127 121 3 126 116 11 127 119 41 127 127 82 127 127 120 127 124 127 127 124 127 127 123 126 127 126 126 127 127 125 122 120 117 127 119 116 127 123 120 127 107 106 127 115 118 127 112 117 127 111 116 127 111 115 127 114 115 127 116 115 127 119 115 127 119 114 127 111 110 127 114 114 127 108 106 127 122 119 127 126 123 127 127 124 
127 126 127 127 127 104 121 119 34 124 119 3 127 122 0 127 119 0 127 120 0 127 117 0 127 116 2 127 119 4 127 118 0 125 115 7 127 119 39 127 127 80 127 127 118 125 124 127 127 125 127 127 125 127 127 124 125 127 126 125 127 123 120 127 123 121 127 111 110 80 39 41 85 27 31 93 23 30 98 21 28 99 21 27 95 23 26 90 25 25 85 28 24 84 29 25 88 26 28 90 32 36 82 39 39 127 114 113 127 123 121 127 127 124 
126 127 122 127 127 96 118 119 25 126 123 0 127 118 0 127 119 0 127 117 2 127 118 8 127 118 12 127 117 9 127 118 2 127 119 11 121 115 31 127 127 78 127 127 110 124 127 127 124 127 127 122 126 127 123 127 127 124 127 126 127 127 124 127 124 120 127 118 118 78 27 29 94 23 29 104 18 25 112 15 23 116 13 21 113 15 20 111 16 18 106 19 17 103 20 20 102 20 26 96 22 30 84 29 34 127 116 118 127 123 121 127 125 122 
125 127 123 127 127 95 117 120 23 125 124 0 127 119 0 127 120 0 127 117 3 127 118 9 127 118 13 127 117 9 127 119 2 127 119 11 121 115 32 127 127 79 127 127 110 123 127 127 121 127 127 122 127 127 123 127 127 123 125 123 127 124 122 127 119 118 127 116 117 89 32 35 100 23 29 111 17 26 120 13 22 123 12 21 123 12 19 121 14 17 118 16 16 114 17 20 111 21 29 99 21 32 82 22 28 127 115 118 127 119 119 127 125 123 
124 127 127 127 127 104 117 120 27 124 124 0 126 119 0 127 120 0 127 119 1 127 119 4 127 120 6 127 118 3 127 120 1 127 120 13 121 114 38 127 127 87 127 127 118 124 127 127 126 126 127 127 126 127 127 126 127 127 120 123 127 122 125 127 119 121 127 109 113 81 21 26 98 20 27 108 16 24 115 13 21 119 11 19 119 11 18 119 12 17 116 13 16 111 15 19 103 17 26 94 21 32 80 23 30 127 115 118 127 121 121 127 125 123 
125 127 127 127 127 105 117 120 28 124 124 0 126 119 0 127 121 0 126 120 0 126 121 2 127 121 1 125 120 0 127 120 0 127 119 14 121 113 41 127 127 90 127 127 118 124 127 127 125 127 127 127 127 127 126 125 127 127 123 125 127 123 125 127 121 122 127 113 114 90 45 47 86 28 32 93 25 29 98 23 26 100 22 25 101 22 24 100 22 24 99 23 23 96 24 25 91 24 31 90 31 40 84 38 43 127 111 113 127 119 119 127 125 123 
127 127 127 127 127 101 118 119 25 124 124 0 126 119 0 127 121 0 125 120 0 126 121 0 126 122 0 125 121 0 127 121 0 127 119 14 121 113 41 127 127 87 127 127 112 122 127 125 118 127 127 117 127 127 119 127 127 121 127 126 121 127 123 122 123 118 127 126 121 121 111 106 127 123 117 127 122 115 127 121 114 127 120 114 127 120 113 127 121 113 127 121 113 127 120 114 127 116 117 127 114 118 127 108 111 127 121 121 127 124 122 127 121 119 
127 127 127 127 127 100 119 119 24 125 124 0 126 119 0 127 120 0 125 120 0 125 122 0 125 123 0 125 121 0 127 121 0 127 119 15 121 113 43 127 127 88 127 127 110 123 127 123 118 127 126 117 127 127 118 127 126 120 127 126 122 127 125 119 124 120 125 127 123 126 127 122 126 127 122 126 127 122 126 127 122 126 127 122 127 127 123 127 127 123 127 127 123 127 127 123 127 125 123 127 124 123 127 124 123 127 121 119 127 125 123 127 120 118 
127 125 127 127 127 102 120 118 27 126 123 2 127 118 1 127 120 3 125 120 1 125 122 0 125 123 0 125 121 0 127 120 1 127 118 18 122 112 46 127 127 92 127 127 111 127 127 123 124 127 125 125 127 126 124 123 122 127 126 125 127 125 125 127 125 125 127 124 124 127 122 121 127 126 125 126 126 126 126 126 127 126 126 127 126 126 127 127 125 127 127 124 127 127 125 127 117 126 123 120 127 125 124 127 125 126 127 123 127 127 123 127 124 121 
127 126 125 127 127 103 118 116 41 123 120 20 123 117 17 125 119 17 122 119 13 122 121 11 123 122 10 121 120 9 124 119 16 124 117 32 119 111 55 127 127 96 127 127 112 127 127 121 125 125 122 127 127 125 127 125 126 127 123 124 127 122 125 127 122 124 127 123 125 127 125 127 127 126 127 127 127 127 127 127 127 127 127 127 127 126 127 127 125 127 127 124 127 127 126 127 118 127 127 116 127 126 116 127 121 123 127 124 127 127 124 127 127 124 
127 127 113 125 125 98 120 121 72 116 117 55 116 116 47 117 117 42 117 118 36 116 117 33 116 117 33 115 117 36 116 116 43 117 117 56 120 119 76 124 123 94 127 127 110 127 127 118 127 127 124 127 127 126 127 127 127 127 126 126 127 126 127 127 126 127 127 126 127 127 127 127 127 127 127 127 127 127 127 127 127 127 127 127 127 127 127 127 127 127 127 126 127 127 127 127 124 127 127 124 127 127 125 127 126 126 127 126 127 127 126 127 127 126 
127 127 113 127 127 110 127 127 103 127 127 96 127 127 91 127 127 85 127 127 80 127 127 78 127 127 79 127 127 82 127 127 88 127 127 95 127 127 104 127 127 111 127 127 117 127 127 122 127 127 125 127 127 127 127 127 127 127 127 127 127 127 127 127 127 127 127 127 127 127 127 127 127 127 127 127 127 127 127 127 127 127 127 127 127 127 127 127 127 127 127 127 127 127 127 127 127 127 127 127 127 127 127 127 127 127 127 127 127 127 127 127 127 127 
127 127 125 127 127 122 127 126 117 127 127 115 127 127 111 127 127 108 127 127 105 127 127 104 127 127 104 127 127 106 127 127 110 127 127 116 127 127 121 127 126 125 127 125 127 126 125 127 127 127 127 127 127 127 127 127 127 127 127 127 127 127 127 127 127 127 127 127 127 127 127 127 127 127 127 127 127 127 127 127 127 127 127 127 127 127 127 127 127 127 127 127 127 127 127 127 127 127 127 127 127 127 127 127 127 127 127 127 127 127 127 127 127 127 
127 126 127 127 127 127 127 127 126 127 127 124 127 127 122 127 127 119 127 126 116 127 124 114 127 124 114 127 125 117 127 125 120 127 127 125 127 126 127 127 126 127 127 125 127 127 125 127 127 127 127 127 127 127 127 127 127 127 127 127 127 127 127 127 127 127 127 127 127 127 127 127 127 127 127 127 127 127 127 127 127 127 127 127 127 127 127 127 127 127 127 127 127 127 127 127 127 127 127 127 127 127 127 127 127 127 127 127 127 127 127 127 127 127 
