P3
38 36
255
255 255 239 255 255 236 255 255 235 255 255 239 255 255 239 255 255 239 255 255 233 255 255 233 255 255 239 255 255 233 255 255 239 255 255 234 255 255 239 255 255 234 255 255 234 255 255 239 255 255 238 255 255 235 255 255 235 255 255 235 255 255 228 255 255 232 255 255 233 255 255 233 255 255 236 255 255 237 255 255 237 255 255 236 255 255 236 255 255 237 255 255 239 255 255 237 255 255 233 255 255 235 255 255 233 255 255 237 255 255 238 255 255 238 
255 255 227 255 255 239 255 255 226 255 255 239 255 255 239 255 255 234 255 255 239 255 255 239 255 255 239 255 255 239 255 255 239 255 255 232 255 255 218 255 255 239 255 255 234 255 255 224 255 255 238 255 255 238 255 255 238 255 255 236 255 255 230 255 255 233 255 255 236 255 255 236 255 255 237 255 255 237 255 255 236 255 255 236 255 255 237 255 255 238 255 255 238 255 255 238 255 255 236 255 255 236 255 255 236 255 255 239 255 255 238 255 255 238 
255 255 239 255 255 222 5 5 4 0 0 0 0 0 0 0 0 0 16 14 11 0 0 0 0 0 0 0 0 0 0 0 0 5 5 4 27 24 19 255 255 221 255 255 236 255 255 238 255 255 236 255 255 236 255 255 239 255 255 238 255 255 238 255 255 238 255 255 238 255 255 238 255 255 236 255 255 235 255 255 234 255 255 235 255 255 236 255 255 236 255 255 235 255 255 236 255 255 236 255 255 236 255 255 238 255 255 237 255 255 238 255 255 238 
255 255 239 255 255 239 0 0 0 7 6 5 14 12 9 4 4 3 9 8 7 0 0 0 0 0 0 0 0 0 0 0 0 0 0 0 0 0 0 255 255 239 255 255 239 255 255 238 255 255 236 255 255 236 255 255 236 255 255 233 255 255 232 255 255 231 255 255 231 255 255 230 255 255 232 255 255 232 255 255 231 255 255 232 255 255 235 255 255 236 255 255 235 255 255 233 255 255 229 255 255 228 255 255 237 255 255 231 255 255 234 255 255 235 
255 255 237 255 255 239 11 10 7 0 0 0 0 0 0 0 0 0 0 0 0 23 20 16 7 6 5 0 0 0 20 18 14 5 5 4 3 2 2 255 255 239 255 255 239 255 255 228 255 255 234 255 255 236 255 255 238 255 255 233 255 255 225 255 255 222 255 255 223 255 255 224 255 255 223 255 255 223 255 255 222 255 255 223 255 255 229 255 255 230 255 255 227 255 255 224 255 255 221 255 255 223 255 255 234 255 255 237 255 255 237 255 255 232 
255 255 239 255 255 239 3 2 2 0 0 0 16 14 11 20 18 14 0 0 0 0 0 0 5 5 4 0 0 0 0 0 0 0 0 0 0 0 0 255 255 232 255 255 239 255 255 238 255 255 238 255 255 238 255 255 238 255 255 224 211 188 146 181 162 126 179 160 125 187 167 130 185 165 128 185 165 129 185 165 128 185 165 128 185 165 128 185 165 128 185 165 128 185 164 128 182 162 126 194 173 134 255 255 215 255 255 224 255 255 235 255 255 234 
255 255 238 255 255 239 5 5 4 0 0 0 0 0 0 0 0 0 0 0 0 4 4 3 0 0 0 4 4 3 0 0 0 8 7 6 12 11 8 255 255 236 255 255 238 255 255 235 255 255 231 255 255 236 255 255 237 255 255 229 185 165 128 180 160 125 183 163 127 192 171 133 189 168 131 189 168 131 189 168 131 189 168 131 189 168 131 188 168 131 189 168 131 188 168 130 186 166 129 202 180 140 255 255 231 255 255 235 255 255 234 255 255 231 
255 255 237 255 255 239 0 0 0 0 0 0 16 14 11 0 0 0 15 13 10 0 0 0 0 0 0 11 10 7 0 0 0 4 4 3 1 1 1 255 255 239 255 255 239 255 255 238 255 255 236 255 255 236 255 255 232 255 255 229 185 165 129 199 178 138 193 172 134 184 164 128 186 166 129 187 166 130 192 171 133 190 169 132 185 165 129 185 165 129 187 166 130 189 168 131 178 159 124 190 169 132 255 255 230 255 255 235 255 255 234 255 255 227 
255 255 239 255 255 239 0 0 0 5 5 4 3 2 2 0 0 0 0 0 0 0 0 0 0 0 0 3 2 2 0 0 0 12 11 8 0 0 0 255 255 239 255 255 239 255 255 237 255 255 236 255 255 236 255 255 232 255 255 229 185 165 129 199 178 138 193 172 134 184 164 128 186 166 129 187 166 130 192 171 133 190 169 132 185 165 129 185 165 129 187 166 130 189 168 131 178 159 124 190 169 132 255 255 230 255 255 235 255 255 234 255 255 227 
255 255 237 255 255 239 0 0 0 5 5 4 0 0 0 0 0 0 9 8 7 9 8 7 5 5 4 0 0 0 11 10 7 8 7 6 12 11 8 255 255 229 255 255 239 255 255 238 255 255 231 255 255 236 255 255 237 255 255 229 185 165 128 180 160 125 183 163 127 192 171 133 189 168 131 189 168 131 189 168 131 189 168 131 189 168 131 188 168 131 189 168 131 188 168 130 186 166 129 202 180 140 255 255 231 255 255 235 255 255 234 255 255 231 
255 255 235 255 255 239 0 0 0 0 0 0 0 0 0 0 0 0 0 0 0 0 0 0 0 0 0 0 0 0 3 2 2 0 0 0 1 1 1 255 255 234 255 255 239 255 255 238 255 255 238 255 255 238 255 255 238 255 255 224 211 188 146 181 162 126 179 160 125 187 167 130 185 165 128 185 165 129 185 165 128 185 165 128 185 165 128 185 165 128 185 165 128 185 164 128 182 162 126 194 173 134 255 255 215 255 255 224 255 255 235 255 255 234 
255 255 239 255 255 239 0 0 0 7 6 5 7 6 5 12 11 8 1 1 1 0 0 0 3 2 2 14 12 9 0 0 0 0 0 0 0 0 0 255 255 239 255 255 236 255 255 228 255 255 234 255 255 236 255 255 238 255 255 233 255 255 225 255 255 222 255 255 223 255 255 224 255 255 223 255 255 223 255 255 222 255 255 223 255 255 229 255 255 230 255 255 227 255 255 224 255 255 221 255 255 223 255 255 234 255 255 237 255 255 237 255 255 232 
255 255 234 255 255 221 15 13 10 0 0 0 0 0 0 0 0 0 3 2 2 19 17 13 0 0 0 0 0 0 0 0 0 0 0 0 20 18 14 255 255 225 255 255 239 255 255 238 255 255 236 255 255 236 255 255 236 255 255 233 255 255 232 255 255 231 255 255 231 255 255 230 255 255 232 255 255 232 255 255 231 255 255 232 255 255 235 255 255 236 255 255 235 255 255 233 255 255 229 255 255 228 255 255 237 255 255 231 255 255 234 255 255 235 
255 255 233 255 255 239 255 255 215 255 255 239 255 255 239 255 255 239 255 255 231 255 255 231 255 255 239 255 255 230 255 255 239 255 255 239 255 255 231 255 255 239 255 255 231 255 255 220 255 255 236 255 255 236 255 255 239 255 255 238 255 255 238 255 255 238 255 255 238 255 255 238 255 255 236 255 255 235 255 255 234 255 255 235 255 255 236 255 255 236 255 255 235 255 255 236 255 255 236 255 255 236 255 255 238 255 255 237 255 255 238 255 255 238 
255 255 231 255 255 239 255 255 237 255 255 239 255 255 235 255 255 235 255 255 235 255 255 239 255 255 239 255 255 231 255 255 239 255 255 231 255 255 239 255 255 219 255 255 239 255 255 239 255 255 238 255 255 238 255 255 238 255 255 236 255 255 230 255 255 233 255 255 236 255 255 236 255 255 237 255 255 237 255 255 236 255 255 236 255 255 237 255 255 238 255 255 238 255 255 238 255 255 236 255 255 236 255 255 236 255 255 239 255 255 238 255 255 238 
255 255 239 255 255 228 255 255 238 255 255 236 255 255 238 255 255 239 255 255 238 255 255 237 255 255 235 255 255 238 255 255 235 255 255 239 255 255 239 255 255 235 255 255 238 255 255 221 255 255 238 255 255 235 255 255 235 255 255 235 255 255 228 255 255 233 255 255 234 255 255 233 255 255 237 255 255 237 255 255 237 255 255 236 255 255 236 255 255 237 255 255 238 255 255 238 255 255 235 255 255 236 255 255 232 255 255 237 255 255 238 255 255 238 
255 255 234 255 255 238 255 255 235 255 255 236 255 255 237 255 255 234 255 255 235 255 255 234 255 255 235 255 255 236 255 255 238 255 255 238 255 255 237 255 255 238 255 255 237 255 255 238 255 255 236 255 255 231 255 255 234 255 255 230 255 255 226 255 255 234 255 255 236 255 255 238 255 255 237 255 255 236 255 255 235 255 255 235 255 255 236 255 255 237 255 255 238 255 255 238 255 255 239 255 255 228 255 255 239 255 255 229 255 255 238 255 255 235 
255 255 237 255 255 238 255 255 236 255 255 236 255 255 236 255 255 235 255 255 235 255 255 234 255 255 231 255 255 234 255 255 235 255 255 235 255 255 235 255 255 238 255 255 237 255 255 237 255 255 237 255 255 227 255 255 235 255 255 235 255 255 236 255 255 236 255 255 230 255 255 234 255 255 237 255 255 236 255 255 235 255 255 236 255 255 237 255 255 238 255 255 238 255 255 238 255 255 236 255 255 234 255 255 238 255 255 237 255 255 238 255 255 238 
255 255 231 255 255 238 255 255 230 255 255 232 255 255 235 255 255 234 255 255 238 255 255 238 255 255 237 255 255 236 255 255 235 255 255 235 255 255 235 255 255 237 255 255 238 255 255 236 255 255 236 255 255 236 255 255 237 255 255 237 255 255 237 255 255 237 255 255 233 255 255 237 255 255 236 255 255 236 255 255 236 255 255 236 255 255 236 255 255 236 255 255 235 255 255 236 255 255 238 255 255 234 255 255 237 255 255 234 255 255 236 255 255 239 
255 255 239 255 255 237 255 255 230 255 255 229 255 255 231 255 255 232 255 255 231 255 255 232 255 255 232 255 255 235 255 255 231 255 255 227 255 255 229 255 255 234 255 255 238 255 255 236 255 255 234 255 255 235 255 255 235 255 255 230 255 255 232 255 255 235 255 255 235 255 255 237 255 255 238 255 255 238 255 255 238 255 255 238 255 255 237 255 255 237 255 255 237 255 255 237 255 255 238 255 255 237 255 255 239 255 255 238 255 255 238 255 255 230 
255 255 233 255 255 232 255 255 205 255 255 199 255 255 201 255 249 194 255 253 197 255 251 195 255 255 201 255 255 205 255 255 204 255 255 202 255 255 212 255 255 227 255 255 236 255 255 237 255 255 236 255 255 236 255 255 234 255 255 233 255 255 234 255 255 235 255 255 235 255 255 226 255 255 237 255 255 236 255 255 236 255 255 236 255 255 237 255 255 238 255 255 238 255 255 239 255 255 230 255 255 225 255 255 236 255 255 232 255 255 238 255 255 224 
255 255 238 255 255 233 255 255 207 255 254 198 255 255 201 255 253 197 255 255 200 255 254 198 255 248 193 255 254 198 255 250 195 255 245 191 255 255 204 255 255 225 255 255 236 255 255 239 255 255 239 255 255 233 255 255 234 255 255 236 255 255 235 255 255 227 255 255 237 255 255 235 255 255 232 255 255 230 255 255 229 255 255 229 255 255 231 255 255 233 255 255 236 255 255 235 255 255 230 255 255 230 255 255 232 255 255 231 255 255 238 255 255 232 
255 255 236 255 255 231 255 255 198 255 247 192 255 255 199 255 252 196 255 255 200 255 255 199 255 255 202 255 255 203 255 255 200 255 252 196 255 255 208 255 255 227 255 255 237 255 255 235 255 255 235 255 255 234 255 255 238 255 255 238 255 255 225 255 255 227 255 255 232 255 255 212 255 255 223 255 255 220 255 255 218 255 255 219 255 255 221 255 255 224 255 255 227 255 255 226 255 255 217 255 255 222 255 255 212 255 255 231 255 255 236 255 255 238 
255 255 238 255 255 233 255 255 202 255 251 196 255 255 200 255 252 196 255 254 198 255 250 195 255 249 194 255 254 198 255 251 195 255 248 193 255 255 207 255 255 226 255 255 237 255 255 234 255 255 236 255 255 236 255 255 235 255 255 237 255 255 232 255 255 233 255 255 217 140 124 97 120 107 83 121 108 84 120 107 83 121 107 83 120 107 83 120 107 83 120 107 83 121 107 84 120 107 83 134 120 93 139 124 97 255 255 221 255 255 233 255 255 237 
255 255 237 255 255 231 255 255 199 255 255 200 255 252 196 255 253 197 255 251 196 255 254 198 255 255 199 255 253 197 255 252 197 255 255 200 255 253 197 255 255 226 255 255 234 255 255 237 255 255 237 255 255 235 255 255 237 255 255 237 255 255 237 255 255 233 255 255 227 115 102 80 120 107 83 120 107 83 120 107 83 120 107 83 120 107 83 120 106 83 120 107 83 119 106 83 122 108 84 122 108 84 125 111 86 255 255 225 255 255 233 255 255 235 
255 255 237 255 255 231 255 255 199 255 255 201 255 252 196 255 254 198 255 251 196 255 254 198 255 255 199 255 253 197 255 253 197 255 255 200 255 254 198 255 255 226 255 255 234 255 255 237 255 255 236 255 255 236 255 255 237 255 255 233 255 255 234 255 255 228 255 255 224 133 119 92 125 111 87 124 111 86 124 110 86 123 110 86 123 110 86 124 110 86 124 110 86 124 110 86 131 117 91 123 110 85 109 97 75 255 255 223 255 255 228 255 255 235 
255 255 237 255 255 233 255 255 199 255 255 200 255 252 196 255 254 198 255 253 197 255 254 198 255 255 199 255 252 197 255 254 198 255 255 201 255 254 198 255 255 228 255 255 236 255 255 237 255 255 237 255 255 237 255 255 237 255 255 230 255 255 233 255 255 228 255 255 216 106 94 73 119 106 83 119 106 82 119 106 82 119 105 82 118 105 82 118 105 82 118 105 82 118 105 82 118 105 82 119 106 83 110 98 76 255 255 224 255 255 231 255 255 235 
255 255 237 255 255 233 255 255 199 255 255 200 255 252 196 255 255 199 255 253 197 255 255 199 255 255 199 255 252 196 255 254 198 255 255 201 255 254 198 255 255 229 255 255 236 255 255 237 255 255 238 255 255 238 255 255 236 255 255 234 255 255 234 255 255 231 255 255 220 159 141 110 124 110 86 123 110 85 123 110 85 122 109 85 123 109 85 123 109 85 123 109 85 122 109 85 121 107 84 134 120 93 141 126 98 255 255 218 255 255 228 255 255 235 
255 255 239 255 255 232 255 255 199 255 255 201 255 252 196 255 255 199 255 252 196 255 255 198 255 255 200 255 253 197 255 255 198 255 255 201 255 254 198 255 255 228 255 255 235 255 255 236 255 255 234 255 255 233 255 255 234 255 255 235 255 255 234 255 255 229 255 255 236 255 255 213 255 255 232 255 255 230 255 255 229 255 255 228 255 255 228 255 255 228 255 255 228 255 255 228 255 255 224 255 255 223 255 255 214 255 255 230 255 255 234 255 255 230 
255 255 238 255 255 232 255 255 199 255 255 201 255 252 196 255 254 198 255 252 196 255 255 198 255 255 200 255 253 197 255 255 198 255 255 201 255 254 198 255 255 229 255 255 234 255 255 236 255 255 234 255 255 233 255 255 234 255 255 235 255 255 235 255 255 229 255 255 237 255 255 237 255 255 237 255 255 237 255 255 237 255 255 237 255 255 237 255 255 237 255 255 238 255 255 238 255 255 235 255 255 234 255 255 235 255 255 230 255 255 235 255 255 229 
255 255 237 255 255 232 255 255 199 255 255 200 255 251 195 255 255 198 255 253 197 255 255 198 255 255 200 255 253 197 255 254 198 255 255 201 255 254 198 255 255 230 255 255 235 255 255 237 255 255 237 255 255 238 255 255 231 255 255 237 255 255 236 255 255 236 255 255 234 255 255 231 255 255 237 255 255 237 255 255 237 255 255 237 255 255 237 255 255 236 255 255 235 255 255 237 255 255 231 255 255 234 255 255 236 255 255 237 255 255 237 255 255 234 
255 255 237 255 255 233 255 255 200 255 255 201 255 252 196 255 255 200 255 253 197 255 255 199 255 255 200 255 253 197 255 255 199 255 255 202 255 255 199 255 255 231 255 255 235 255 255 237 255 255 234 255 255 238 255 255 236 255 255 234 255 255 233 255 255 232 255 255 234 255 255 236 255 255 238 255 255 238 255 255 238 255 255 238 255 255 237 255 255 236 255 255 236 255 255 238 255 255 234 255 255 233 255 255 230 255 255 236 255 255 238 255 255 237 
255 255 235 255 255 228 255 255 214 255 255 203 255 255 200 255 255 201 255 255 199 255 253 197 255 253 197 255 254 198 255 255 199 255 255 203 255 255 212 255 255 224 255 255 234 255 255 237 255 255 238 255 255 239 255 255 238 255 255 238 255 255 238 255 255 238 255 255 238 255 255 238 255 255 238 255 255 239 255 255 239 255 255 238 255 255 238 255 255 238 255 255 238 255 255 238 255 255 237 255 255 237 255 255 238 255 255 238 255 255 239 255 255 239 
255 255 235 255 255 234 255 255 233 255 255 231 255 255 229 255 255 228 255 255 227 255 255 226 255 255 226 255 255 227 255 255 229 255 255 231 255 255 233 255 255 235 255 255 236 255 255 237 255 255 238 255 255 239 255 255 239 255 255 239 255 255 239 255 255 239 255 255 239 255 255 239 255 255 239 255 255 239 255 255 239 255 255 239 255 255 239 255 255 239 255 255 239 255 255 239 255 255 239 255 255 239 255 255 239 255 255 239 255 255 239 255 255 239 
255 255 238 255 255 237 255 255 235 255 255 236 255 255 235 255 255 234 255 255 233 255 255 233 255 255 233 255 255 233 255 255 234 255 255 236 255 255 237 255 255 237 255 255 237 255 255 236 255 255 239 255 255 239 255 255 239 255 255 239 255 255 239 255 255 239 255 255 239 255 255 239 255 255 239 255 255 239 255 255 239 255 255 239 255 255 239 255 255 239 255 255 239 255 255 239 255 255 239 255 255 239 255 255 239 255 255 239 255 255 239 255 255 239 
255 255 238 255 255 238 255 255 238 255 255 238 255 255 237 255 255 237 255 255 234 255 255 232 255 255 232 255 255 234 255 255 234 255 255 238 255 255 237 255 255 237 255 255 236 255 255 237 255 255 238 255 255 239 255 255 239 255 255 239 255 255 239 255 255 239 255 255 239 255 255 239 255 255 239 255 255 239 255 255 239 255 255 239 255 255 239 255 255 239 255 255 239 255 255 239 255 255 239 255 255 239 255 255 239 255 255 239 255 255 239 255 255 239 
